0,485
0,484
0,483
0,482
0,481
0,480
0,479
2835,4
2835,3
2835,2
2835,1
2835,0
2834,4
2834,3
2834,2
2834,1
2834,0
2833,3
2833,2
2833,1
2833,0
2832,3
2832,2
2832,1
2832,0
2831,3
2831,2
2831,1
2831,0
2830,3
2830,2
2830,1
2830,0
2829,3
2829,2
2829,1
2829,0
2828,3
2828,2
2828,1
2828,0
2827,3
2827,2
2827,1
2827,0
2826,4
2826,2
2826,1
2826,0
2825,4
2825,2
2825,1
2825,0
2824,3
2824,2
2824,1
2824,0
2823,3
2823,2
2823,1
2823,0
2820,2
2820,1
2820,0
2825,3
2819,3
2819,2
2819,1
2819,0
2826,3
2813,3
2813,2
2813,1
2813,0
2820,3
4,3
2,3
1,3
0,410
0,343
0,243
0,9
0,0
0,1
0,321
0,300
0,320
0,299
0,424
0,298
0,325
0,297
0,471
0,296
0,391
0,295
0,392
0,294
0,405
0,293
0,383
0,292
0,399
0,291
0,363
0,290
0,425
0,289
0,448
0,288
0,404
0,287
0,423
0,286
0,403
0,477
0,285
0,375
0,476
0,284
0,301
0,283
0,312
0,282
0,475
0,281
0,382
0,280
0,319
0,279
0,347
0,278
0,402
0,277
0,414
0,276
0,437
0,275
0,381
0,274
0,380
0,273
0,422
0,272
0,396
0,271
0,421
0,270
0,463
0,269
0,374
0,268
0,474
0,267
0,362
0,266
0,341
0,265
0,337
0,264
0,454
0,263
0,470
0,262
0,413
0,261
0,349
0,260
0,394
0,259
0,317
0,258
0,459
0,257
0,311
0,256
0,379
0,255
0,446
0,254
0,458
0,253
0,316
0,252
0,417
0,251
0,310
0,250
0,322
0,249
0,457
0,248
0,370
0,247
0,378
0,246
0,390
0,245
0,443
0,244
0,453
0,242
0,336
0,241
0,431
0,240
0,386
0,239
0,452
0,238
0,436
0,237
0,401
0,236
0,473
0,235
0,334
0,234
0,445
0,233
0,435
0,232
0,420
0,231
0,419
0,230
0,456
0,229
0,389
0,228
0,469
0,227
0,333
0,226
0,398
0,225
0,468
0,224
0,323
0,223
0,395
0,222
0,451
0,221
0,462
0,220
0,412
0,219
0,467
0,218
0,400
0,217
0,472
0,216
0,408
0,215
0,330
0,214
0,434
0,213
0,416
0,212
0,309
0,211
0,430
0,210
0,397
0,209
0,385
0,208
0,444
0,207
0,367
0,206
0,433
0,205
0,432
0,204
0,429
0,203
0,466
0,202
0,428
0,201
0,442
0,200
0,348
0,199
0,409
0,198
0,447
0,197
0,418
0,196
0,313
0,195
0,465
0,194
0,441
0,193
0,411
0,192
0,440
0,63
0,427
0,62
0,327
0,61
0,315
0,60
0,358
0,59
0,438
0,58
0,415
0,57
0,407
0,478
0,56
0,365
0,55
0,461
0,54
0,439
0,53
0,464
0,52
0,406
0,51
0,450
0,50
0,449
0,49
0,426
0,48
0,314
0,47
0,384
0,46
0,455
0,45
0,460
0,6
0,5
0,304
0,303
0,306
0,305
0,302
0,12
0,10
0,8
0,11
0,4
0,2
0,3
0,7
